Flash Compatibility
All Form #0 except for Deoxys, Wormadam

003
012
015
025
026
035
036
039
040
043
044
045
046
047
048
049
052
053
054
055
063
064
065
069
070
071
079
080
081
082
096
097
100
101
102
103
109
110
113
114
120
121
122
124
125
135
137
145
150
151
152
153
154
163
164
165
166
167
168
170
171
172
173
174
175
176
177
178
179
180
181
182
187
188
189
191
192
193
194
195
196
197
199
200
203
213
227
233
234
238
239
242
243
244
249
250
251
252
253
254
267
269
270
271
272
273
274
275
280
281
282
283
284
285
286
290
291
292
300
301
302
307
308
309
310
311
312
313
314
315
325
326
327
331
332
337
338
343
344
345
346
351
352
353
354
355
356
357
358
359
361
362
375
376
380
381
385
386
387
388
389
402
403
404
405
406
407
413
414
416
417
420
421
423
425
426
429
431
432
433
436
437
439
440
442
451
452
455
456
457
459
460
462
465
466
468
469
470
474
475
477
478
479
480
481
482
483
488
490
491
492
493
544
545
546
547
555
561
562
567
568
572
573
577
578
581
590
591
592
596
597
598
599
611
612
613
624
625
626
627
628
629
635
636
637
640
641
642
643
645
646
647
648
653
654
655
656
657
658
659
668
672
673
690
694
698
699
700
701
702
716
719
720
721
726
727
728
732
733
734
735
736
737
744
745
748
749
750
752
753
760
761
762
763
766
769
770